#run
imei = 2ea1bc86fc4c4050a36a9126bfdcb770
fieldId = 99
lastLat = 30.545273f
lastLng = 114.365715f
lat = 30.544746f
lan = 114.365715f
scores = 5000
coins = 2000
minTimes = 480
maxTimes = 600
length = 2000